Random seed: 347422464537321860
---------------- Starting Your Algo --------------------
Configuring your custom algo strategy...
Performing turn 0 of your custom algo strategy
Performing turn 1 of your custom algo strategy
Got scored on at: [3, 10]
All locations: [[3, 10]]
Got scored on at: [3, 10]
All locations: [[3, 10], [3, 10]]
Got scored on at: [3, 10]
All locations: [[3, 10], [3, 10], [3, 10]]
Performing turn 2 of your custom algo strategy
Got scored on at: [3, 10]
All locations: [[3, 10], [3, 10], [3, 10], [3, 10]]
Got scored on at: [3, 10]
All locations: [[3, 10], [3, 10], [3, 10], [3, 10], [3, 10]]
Got scored on at: [3, 10]
All locations: [[3, 10], [3, 10], [3, 10], [3, 10], [3, 10], [3, 10]]
Got scored on at: [3, 10]
All locations: [[3, 10], [3, 10], [3, 10], [3, 10], [3, 10], [3, 10], [3, 10]]
Performing turn 3 of your custom algo strategy
Got scored on at: [3, 10]
All locations: [[3, 10], [3, 10], [3, 10], [3, 10], [3, 10], [3, 10], [3, 10], [3, 10]]
Got scored on at: [3, 10]
All locations: [[3, 10], [3, 10], [3, 10], [3, 10], [3, 10], [3, 10], [3, 10], [3, 10], [3, 10]]
Got scored on at: [3, 10]
All locations: [[3, 10], [3, 10], [3, 10], [3, 10], [3, 10], [3, 10], [3, 10], [3, 10], [3, 10], [3, 10]]
Performing turn 4 of your custom algo strategy
Performing turn 5 of your custom algo strategy
Got scored on at: [3, 10]
All locations: [[3, 10], [3, 10], [3, 10], [3, 10], [3, 10], [3, 10], [3, 10], [3, 10], [3, 10], [3, 10], [3, 10]]
Got scored on at: [3, 10]
All locations: [[3, 10], [3, 10], [3, 10], [3, 10], [3, 10], [3, 10], [3, 10], [3, 10], [3, 10], [3, 10], [3, 10], [3, 10]]
Got scored on at: [3, 10]
All locations: [[3, 10], [3, 10], [3, 10], [3, 10], [3, 10], [3, 10], [3, 10], [3, 10], [3, 10], [3, 10], [3, 10], [3, 10], [3, 10]]
Got scored on at: [3, 10]
All locations: [[3, 10], [3, 10], [3, 10], [3, 10], [3, 10], [3, 10], [3, 10], [3, 10], [3, 10], [3, 10], [3, 10], [3, 10], [3, 10], [3, 10]]
Performing turn 6 of your custom algo strategy
Got scored on at: [3, 10]
All locations: [[3, 10], [3, 10], [3, 10], [3, 10], [3, 10], [3, 10], [3, 10], [3, 10], [3, 10], [3, 10], [3, 10], [3, 10], [3, 10], [3, 10], [3, 10]]
Got scored on at: [3, 10]
All locations: [[3, 10], [3, 10], [3, 10], [3, 10], [3, 10], [3, 10], [3, 10], [3, 10], [3, 10], [3, 10], [3, 10], [3, 10], [3, 10], [3, 10], [3, 10], [3, 10]]
Got scored on at: [3, 10]
All locations: [[3, 10], [3, 10], [3, 10], [3, 10], [3, 10], [3, 10], [3, 10], [3, 10], [3, 10], [3, 10], [3, 10], [3, 10], [3, 10], [3, 10], [3, 10], [3, 10], [3, 10]]
Got scored on at: [3, 10]
All locations: [[3, 10], [3, 10], [3, 10], [3, 10], [3, 10], [3, 10], [3, 10], [3, 10], [3, 10], [3, 10], [3, 10], [3, 10], [3, 10], [3, 10], [3, 10], [3, 10], [3, 10], [3, 10]]
Performing turn 7 of your custom algo strategy
Got scored on at: [2, 11]
All locations: [[3, 10], [3, 10], [3, 10], [3, 10], [3, 10], [3, 10], [3, 10], [3, 10], [3, 10], [3, 10], [3, 10], [3, 10], [3, 10], [3, 10], [3, 10], [3, 10], [3, 10], [3, 10], [2, 11]]
Got scored on at: [2, 11]
All locations: [[3, 10], [3, 10], [3, 10], [3, 10], [3, 10], [3, 10], [3, 10], [3, 10], [3, 10], [3, 10], [3, 10], [3, 10], [3, 10], [3, 10], [3, 10], [3, 10], [3, 10], [3, 10], [2, 11], [2, 11]]
Performing turn 8 of your custom algo strategy
Got scored on at: [1, 12]
All locations: [[3, 10], [3, 10], [3, 10], [3, 10], [3, 10], [3, 10], [3, 10], [3, 10], [3, 10], [3, 10], [3, 10], [3, 10], [3, 10], [3, 10], [3, 10], [3, 10], [3, 10], [3, 10], [2, 11], [2, 11], [1, 12]]
Performing turn 9 of your custom algo strategy
Performing turn 10 of your custom algo strategy
Got scored on at: [3, 10]
All locations: [[3, 10], [3, 10], [3, 10], [3, 10], [3, 10], [3, 10], [3, 10], [3, 10], [3, 10], [3, 10], [3, 10], [3, 10], [3, 10], [3, 10], [3, 10], [3, 10], [3, 10], [3, 10], [2, 11], [2, 11], [1, 12], [3, 10]]
Got scored on at: [3, 10]
All locations: [[3, 10], [3, 10], [3, 10], [3, 10], [3, 10], [3, 10], [3, 10], [3, 10], [3, 10], [3, 10], [3, 10], [3, 10], [3, 10], [3, 10], [3, 10], [3, 10], [3, 10], [3, 10], [2, 11], [2, 11], [1, 12], [3, 10], [3, 10]]
Performing turn 11 of your custom algo strategy
Performing turn 12 of your custom algo strategy
Got scored on at: [3, 10]
All locations: [[3, 10], [3, 10], [3, 10], [3, 10], [3, 10], [3, 10], [3, 10], [3, 10], [3, 10], [3, 10], [3, 10], [3, 10], [3, 10], [3, 10], [3, 10], [3, 10], [3, 10], [3, 10], [2, 11], [2, 11], [1, 12], [3, 10], [3, 10], [3, 10]]
Got scored on at: [3, 10]
All locations: [[3, 10], [3, 10], [3, 10], [3, 10], [3, 10], [3, 10], [3, 10], [3, 10], [3, 10], [3, 10], [3, 10], [3, 10], [3, 10], [3, 10], [3, 10], [3, 10], [3, 10], [3, 10], [2, 11], [2, 11], [1, 12], [3, 10], [3, 10], [3, 10], [3, 10]]
Performing turn 13 of your custom algo strategy
Performing turn 14 of your custom algo strategy
Got scored on at: [2, 11]
All locations: [[3, 10], [3, 10], [3, 10], [3, 10], [3, 10], [3, 10], [3, 10], [3, 10], [3, 10], [3, 10], [3, 10], [3, 10], [3, 10], [3, 10], [3, 10], [3, 10], [3, 10], [3, 10], [2, 11], [2, 11], [1, 12], [3, 10], [3, 10], [3, 10], [3, 10], [2, 11]]
Got scored on at: [2, 11]
All locations: [[3, 10], [3, 10], [3, 10], [3, 10], [3, 10], [3, 10], [3, 10], [3, 10], [3, 10], [3, 10], [3, 10], [3, 10], [3, 10], [3, 10], [3, 10], [3, 10], [3, 10], [3, 10], [2, 11], [2, 11], [1, 12], [3, 10], [3, 10], [3, 10], [3, 10], [2, 11], [2, 11]]
Got scored on at: [2, 11]
All locations: [[3, 10], [3, 10], [3, 10], [3, 10], [3, 10], [3, 10], [3, 10], [3, 10], [3, 10], [3, 10], [3, 10], [3, 10], [3, 10], [3, 10], [3, 10], [3, 10], [3, 10], [3, 10], [2, 11], [2, 11], [1, 12], [3, 10], [3, 10], [3, 10], [3, 10], [2, 11], [2, 11], [2, 11]]
Performing turn 15 of your custom algo strategy
Performing turn 16 of your custom algo strategy
Got scored on at: [3, 10]
All locations: [[3, 10], [3, 10], [3, 10], [3, 10], [3, 10], [3, 10], [3, 10], [3, 10], [3, 10], [3, 10], [3, 10], [3, 10], [3, 10], [3, 10], [3, 10], [3, 10], [3, 10], [3, 10], [2, 11], [2, 11], [1, 12], [3, 10], [3, 10], [3, 10], [3, 10], [2, 11], [2, 11], [2, 11], [3, 10]]
Got scored on at: [3, 10]
All locations: [[3, 10], [3, 10], [3, 10], [3, 10], [3, 10], [3, 10], [3, 10], [3, 10], [3, 10], [3, 10], [3, 10], [3, 10], [3, 10], [3, 10], [3, 10], [3, 10], [3, 10], [3, 10], [2, 11], [2, 11], [1, 12], [3, 10], [3, 10], [3, 10], [3, 10], [2, 11], [2, 11], [2, 11], [3, 10], [3, 10]]
Performing turn 17 of your custom algo strategy
Performing turn 18 of your custom algo strategy
Got scored on at: [3, 10]
All locations: [[3, 10], [3, 10], [3, 10], [3, 10], [3, 10], [3, 10], [3, 10], [3, 10], [3, 10], [3, 10], [3, 10], [3, 10], [3, 10], [3, 10], [3, 10], [3, 10], [3, 10], [3, 10], [2, 11], [2, 11], [1, 12], [3, 10], [3, 10], [3, 10], [3, 10], [2, 11], [2, 11], [2, 11], [3, 10], [3, 10], [3, 10]]
Got scored on at: [3, 10]
All locations: [[3, 10], [3, 10], [3, 10], [3, 10], [3, 10], [3, 10], [3, 10], [3, 10], [3, 10], [3, 10], [3, 10], [3, 10], [3, 10], [3, 10], [3, 10], [3, 10], [3, 10], [3, 10], [2, 11], [2, 11], [1, 12], [3, 10], [3, 10], [3, 10], [3, 10], [2, 11], [2, 11], [2, 11], [3, 10], [3, 10], [3, 10], [3, 10]]
Performing turn 19 of your custom algo strategy
Got end state, game over. Stopping algo.
